ARMA_MAT_TXT_IU008
426 1
 305
 399
 310
 386
 25
 179
 117
 149
 323
 273
 451
 218
 268
 348
 306
 230
 173
 91
 277
 308
 130
 155
 102
 15
 41
 290
 248
 401
 286
 373
 28
 250
 282
 184
 385
 157
 471
 262
 313
 104
 27
 74
 11
 143
 39
 10
 193
 108
 378
 234
 197
 185
 331
 67
 133
 169
 48
 335
 469
 258
 97
 235
 208
 126
 69
 429
 151
 1
 156
 404
 259
 92
 182
 105
 293
 19
 17
 8
 55
 261
 327
 112
 394
 203
 424
 64
 78
 20
 66
 134
 118
 440
 312
 270
 438
 247
 356
 147
 448
 350
 437
 457
 42
 265
 289
 83
 188
 384
 170
 72
 245
 329
 398
 368
 432
 342
 70
 374
 263
 200
 276
 181
 187
 375
 423
 346
 298
 355
 132
 328
 232
 364
 58
 30
 100
 192
 454
 333
 336
 136
 35
 365
 214
 2
 12
 428
 414
 462
 76
 422
 382
 139
 49
 417
 207
 288
 299
 90
 387
 40
 233
 210
 340
 393
 29
 392
 183
 229
 161
 442
 358
 73
 128
 389
 301
 111
 87
 317
 0
 256
 98
 359
 209
 352
 6
 124
 436
 109
 9
 165
 304
 284
 137
 377
 283
 107
 145
 21
 443
 62
 103
 186
 34
 369
 148
 150
 415
 199
 79
 244
 176
 410
 31
 61
 13
 238
 50
 227
 367
 363
 278
 18
 164
 175
 257
 425
 463
 330
 32
 362
 318
 84
 213
 309
 264
 196
 121
 159
 129
 345
 116
 225
 294
 44
 255
 343
 152
 433
 470
 144
 281
 447
 444
 371
 411
 403
 89
 198
 391
 402
 321
 252
 452
 33
 120
 114
 320
 315
 332
 366
 357
 376
 101
 160
 7
 395
 216
 351
 459
 303
 431
 212
 23
 322
 131
 379
 307
 354
 81
 228
 465
 220
 302
 441
 88
 4
 206
 115
 178
 236
 461
 99
 419
 383
 421
 388
 14
 453
 254
 246
 16
 222
 458
 251
 215
 43
 249
 113
 226
 396
 439
 85
 324
 177
 82
 445
 334
 123
 75
 195
 467
 455
 141
 167
 349
 407
 180
 194
 190
 338
 237
 420
 397
 142
 138
 341
 242
 272
 472
 146
 201
 280
 337
 96
 285
 189
 46
 221
 153
 390
 253
 300
 405
 217
 370
 53
 171
 347
 52
 56
 406
 204
 239
 360
 93
 191
 449
 219
 311
 269
 353
 63
 418
 68
 468
 413
 57
 287
 26
 344
 426
 140
 466
 168
 163
 172
 316
 241
 231
 295
 36
 37
 77
 94
 154
 59
 211
 3
 224
 45
 326
 38
 297
 427
 174
 65
 430
 260
 243
 223
 446
 110
 409
 361
 54
 416
