ARMA_MAT_TXT_IU008
423 1
 343
 315
 105
 409
 346
 465
 365
 363
 303
 102
 263
 172
 103
 218
 98
 182
 419
 91
 159
 2
 327
 220
 200
 119
 408
 123
 26
 17
 132
 203
 432
 95
 122
 224
 288
 15
 392
 65
 460
 362
 470
 29
 225
 309
 52
 260
 139
 205
 271
 313
 264
 467
 126
 54
 24
 352
 369
 406
 8
 301
 211
 144
 149
 207
 410
 120
 293
 273
 89
 300
 21
 430
 129
 198
 175
 110
 443
 463
 56
 64
 168
 282
 40
 385
 57
 337
 215
 50
 321
 233
 193
 291
 368
 359
 444
 402
 0
 294
 464
 51
 270
 219
 206
 12
 166
 459
 357
 448
 35
 55
 47
 167
 186
 148
 290
 299
 472
 286
 183
 145
 403
 14
 173
 421
 27
 90
 275
 420
 306
 60
 131
 340
 216
 158
 330
 284
 304
 127
 116
 236
 258
 279
 134
 20
 259
 471
 364
 162
 245
 118
 431
 254
 84
 324
 194
 336
 243
 114
 13
 79
 170
 75
 449
 387
 16
 433
 423
 302
 106
 226
 138
 341
 30
 329
 269
 455
 445
 373
 214
 124
 151
 244
 280
 43
 395
 382
 388
 192
 33
 389
 267
 156
 99
 427
 80
 380
 147
 37
 338
 252
 76
 356
 154
 274
 442
 223
 326
 353
 72
 355
 276
 320
 185
 415
 371
 374
 1
 379
 77
 411
 150
 401
 108
 292
 377
 5
 344
 46
 22
 58
 104
 87
 177
 451
 201
 285
 358
 176
 457
 140
 372
 332
 255
 246
 229
 68
 189
 184
 141
 83
 34
 370
 268
 390
 249
 202
 289
 462
 135
 413
 82
 381
 197
 383
 412
 153
 348
 434
 157
 18
 32
 121
 428
 78
 73
 178
 241
 169
 469
 452
 112
 25
 360
 438
 208
 295
 316
 164
 165
 217
 446
 393
 345
 333
 180
 396
 367
 41
 228
 191
 253
 235
 62
 308
 137
 265
 100
 53
 174
 405
 171
 266
 240
 247
 85
 350
 257
 319
 71
 429
 437
 231
 28
 7
 440
 42
 468
 130
 152
 113
 128
 397
 160
 133
 281
 136
 416
 3
 179
 307
 230
 204
 441
 426
 456
 256
 234
 81
 212
 86
 4
 407
 361
 163
 11
 314
 335
 196
 305
 366
 209
 238
 458
 296
 10
 418
 312
 399
 283
 63
 9
 400
 454
 97
 328
 88
 61
 404
 59
 222
 297
 354
 322
 94
 227
 424
 210
 36
 250
 239
 31
 453
 111
 69
 213
 93
 107
 447
 146
 115
 435
 278
 38
 248
 109
 187
 342
 323
 417
 45
 461
 450
 425
 272
 277
 125
 199
 378
 237
 190
 251
 70
 375
