   0.00000000000000e+00
   1.27877161684506e-01
   2.53654583909507e-01
   3.75267004879374e-01
   4.90717552003938e-01
   5.98110530491216e-01
   6.95682550603486e-01
   7.81831482468030e-01
   8.55142763005346e-01
   9.14412623015812e-01
   9.58667853036661e-01
   9.87181783414450e-01
   9.99486216200688e-01
   9.95379112949198e-01
   9.74927912181824e-01
   9.38468422049760e-01
   8.86599306373000e-01
   8.20172254596956e-01
   7.40277997075316e-01
   6.48228395307789e-01
   5.45534901210549e-01
   4.33883739117558e-01
   3.15108218023621e-01
   1.91158628701373e-01
   6.40702199807132e-02
  -6.40702199807126e-02
  -1.91158628701372e-01
  -3.15108218023620e-01
  -4.33883739117558e-01
  -5.45534901210548e-01
  -6.48228395307788e-01
  -7.40277997075315e-01
  -8.20172254596956e-01
  -8.86599306373000e-01
  -9.38468422049760e-01
  -9.74927912181824e-01
  -9.95379112949198e-01
  -9.99486216200688e-01
  -9.87181783414450e-01
  -9.58667853036661e-01
  -9.14412623015813e-01
  -8.55142763005346e-01
  -7.81831482468030e-01
  -6.95682550603487e-01
  -5.98110530491216e-01
  -4.90717552003939e-01
  -3.75267004879375e-01
  -2.53654583909508e-01
  -1.27877161684507e-01
  -2.44929359829471e-16
