ARMA_MAT_TXT_IU008
135 1
 11
 22
 142
 10
 97
 135
 116
 103
 23
 12
 98
 133
 86
 26
 34
 141
 61
 18
 96
 124
 8
 79
 35
 131
 95
 137
 56
 122
 81
 149
 52
 32
 139
 102
 48
 94
 60
 68
 134
 80
 24
 114
 17
 36
 20
 46
 127
 145
 33
 14
 58
 44
 74
 29
 70
 88
 72
 107
 117
 108
 99
 6
 50
 113
 16
 119
 40
 93
 138
 89
 62
 53
 125
 104
 31
 132
 49
 64
 39
 101
 146
 13
 42
 63
 83
 55
 85
 19
 128
 69
 7
 2
 43
 3
 37
 100
 51
 123
 110
 144
 65
 92
 121
 109
 105
 118
 115
 25
 147
 21
 54
 91
 15
 78
 28
 66
 84
 30
 0
 111
 77
 136
 71
 38
 148
 27
 1
 130
 82
 143
 75
 41
 57
 126
 9
