ARMA_MAT_TXT_IU008
135 1
 119
 109
 16
 49
 133
 103
 57
 61
 56
 111
 13
 78
 144
 108
 86
 41
 125
 91
 95
 122
 7
 79
 104
 137
 140
 131
 121
 25
 105
 54
 44
 21
 10
 6
 134
 83
 47
 136
 31
 76
 52
 96
 93
 28
 19
 11
 46
 20
 126
 118
 132
 116
 17
 32
 82
 84
 4
 50
 39
 110
 89
 27
 29
 101
 67
 130
 62
 15
 87
 147
 60
 81
 22
 92
 112
 135
 45
 34
 146
 127
 33
 85
 98
 74
 8
 102
 145
 64
 88
 69
 143
 18
 71
 73
 97
 24
 66
 68
 37
 30
 72
 14
 90
 120
 42
 128
 35
 138
 113
 2
 36
 23
 70
 75
 63
 43
 26
 55
 99
 115
 53
 48
 38
 149
 106
 148
 77
 129
 12
 1
 40
 0
 80
 94
 65
