-15.46
7.14
-10.94
-11.92
-10.90
5.94
12.74
-16.43
12.76
-2.67
2.16
11.59
-3.96
-17.59
31.81
3.44
-13.94
4.97
-9.48
2.16
2.89
-15.90
-9.23
24.87
-6.01
-8.75
2.09
4.04
6.29
-4.18
-4.80
0.47
-2.10
14.18
-0.18
8.36
2.52
8.86
-8.00
1.22
3.34
-2.55
0.02
8.69
-9.85
26.22
16.53
-16.61
6.94
-0.79
-2.57
4.96
15.36
-16.90
16.94
-1.15
-4.23
10.22
-8.75
-0.19
-9.87
22.99
-25.28
31.56
-8.65
-6.13
4.06
-21.45
20.02
-3.45
1.69
1.89
4.70
4.74
10.06
17.58
-22.06
6.55
-2.36
-3.79
15.50
-16.60
27.57
-24.05
-5.59
-23.15
7.00
9.07
-9.60
6.67
-1.02
-6.93
0.02
-14.85
19.48
-23.62
14.11
0.90
9.48
-6.33
17.44
-4.88
-5.41
12.41
1.76
1.00
-2.27
-38.96
53.93
5.59
5.43
0.45
-11.61
8.45
16.92
-9.88
-2.36
10.99
9.82
-22.85
10.93
19.26
-13.53
21.18
