ARMA_MAT_TXT_IU008
149 1
 42
 109
 72
 102
 70
 73
 51
 19
 106
 128
 144
 21
 80
 81
 112
 40
 47
 117
 48
 50
 74
 89
 105
 135
 57
 100
 103
 87
 30
 55
 131
 41
 16
 132
 127
 120
 33
 27
 23
 22
 54
 96
 129
 31
 10
 68
 97
 134
 122
 25
 137
 140
 7
 114
 53
 94
 126
 121
 107
 58
 119
 116
 5
 71
 11
 67
 49
 143
 84
 63
 147
 14
 45
 76
 95
 0
 52
 9
 141
 35
 32
 46
 115
 142
 138
 59
 93
 113
 83
 61
 79
 82
 37
 39
 3
 99
 12
 77
 36
 17
 149
 24
 118
 92
 6
 13
 90
 43
 139
 125
 1
 56
 86
 65
 108
 64
 29
 15
 111
 130
 69
 28
 133
 62
 85
 26
 38
 44
 75
 145
 34
 98
 123
 101
 20
 18
 124
 104
 91
 60
 66
 8
 136
 146
 110
 78
 148
 4
 88
