ARMA_MAT_TXT_IU008
149 1
 43
 87
 51
 71
 133
 83
 102
 127
 35
 6
 89
 64
 130
 77
 93
 99
 125
 46
 131
 69
 24
 15
 98
 73
 75
 149
 123
 5
 142
 31
 81
 40
 95
 92
 61
 144
 96
 65
 45
 25
 0
 103
 60
 21
 138
 17
 85
 114
 134
 53
 122
 111
 126
 10
 76
 38
 7
 18
 58
 47
 143
 11
 106
 119
 113
 70
 148
 80
 49
 118
 140
 135
 129
 19
 145
 115
 90
 39
 59
 44
 78
 4
 101
 14
 48
 3
 84
 57
 97
 8
 128
 56
 20
 54
 32
 104
 100
 22
 23
 9
 62
 37
 116
 41
 52
 110
 34
 137
 27
 86
 72
 55
 94
 82
 50
 88
 146
 29
 42
 79
 66
 63
 109
 124
 121
 12
 1
 147
 33
 68
 139
 13
 132
 107
 141
 30
 16
 136
 67
 108
 105
 36
 28
 2
 26
 120
 74
 112
 117
